332163 0.0005000001692678779
332163 0.0009000004865811206
332163 0.0012999998943996616
332163 0.0012999998943996616
332163 0.000999999429041054
332163 0.0012000000424450263
332163 0.001100000190490391
332163 0.0008999995770864189
332163 0.0004000003173132427
332163 0.0008999995770864189
332163 0.000999999429041054
332163 0.0007999997251317836
332163 0.0007999997251317836
332163 0.0009000004865811206
332163 0.0007999997251317836
332163 18.93500000005588
332163 7.945500000460015
332163 2.8740999987348914
332163 1.732199998514261
332163 3.558200001862133
332163 0.6480000010924414
332163 0.18840000120690092
